0,	0.5,	0.5,	0
1,	1.1,	0.5,	0
15,	1.7,	0.5,	0
16,	2.3,	0.5,	0
13,	2.9,	0.5,	0

9,	0.5,	1.1,	0
10,	1.1,	1.1,	0
12,	1.7,	1.1,	0
11,	2.3,	1.1,	0
14,	2.9,	1.1,	0

4,	0.5,	1.7,	0
47,	1.1,	1.7,	0
45,	1.7,	1.7,	0
46,	2.3,	1.7,	0
22,	2.9,	1.7,	0

18,	0.5,	2.3,	0
50,	1.1,	2.3,	0,donot do this one. throws error
48,	1.7,	2.3,	0
49,	2.3,	2.3,	0
17,	2.9,	2.3,	0

7,	0.5,	2.9,	0
6,	1.1,	2.9,	0
8,	1.7,	2.9,	0
5,	2.3,	2.9,	0
3,	2.9,	2.9,	0

37,	0.5,	3.5,	0
19,	1.1,	3.5,	0
36,	1.7,	3.5,	0
44,	2.3,	3.5,	0
33,	2.9,	3.5,	0

26,	0.5,	4.1,	0
28,	1.1,	4.1,	0
42,	1.7,	4.1,	0
23,	2.3,	4.1,	0
34,	2.9,	4.1,	0

29,	0.5,	4.7,	0
20,	1.1,	4.7,	0
2,	1.7,	4.7,	0
40,	2.3,	4.7,	0
31,	2.9,	4.7,	0

39,	0.5,	5.3,	0
27,	1.1,	5.3,	0
25,	1.7,	5.3,	0
24,	2.3,	5.3,	0
41,	2.9,	5.3,	0

32,	0.5,	5.9,	0
30,	1.1,	5.9,	0
43,	1.7,	5.9,	0
21,	2.3,	5.9,	0
38,	2.9,	5.9,	0